12
3x

	12  x2  2x  23  23  x3  3x  31  31  x1  1x  (12)
	x3  13  13  1x  x1  21  21  2x  x2  32  32  (3x)

	1	2	3	3	4	5	5	4	3	2	1

	1x ...
	32 ...


123
456
78x (2)

	123
	456
	7x8 (2, 1)
		123
		456
		x78 (1, 1)
			123
			x56
			478 (2, 1)
				x23
				156
				478 (1, 1)
					2x3
					156
					478 (2, 1)
						23x
						156
						478 (1, 1)
							236
							15x
							478 (2, 1)
								236
								1x5
								478

								236
								158
								47x

						253
						1x6
						478

				123
				5x6
				478

		123
		4x6
		758






4x3		1x0
572		122
186		201


54 3
1x 2
78 6

543	54x	321
12x	123 456
786		78x


4 27
5 3x
186

23 7
45 x
186

